time_stamp	px_state	py_state	v_state	yaw_angle_state	yaw_rate_state	sensor_type	NIS	px_measured	py_measured	px_ground_truth	py_ground_truth	vx_ground_truth	vy_ground_truth	yaw_groundtruth	yawrate_groundtruth
1477010443000000	0.312243	0.58034	0	0	0	lidar	-9.25596e+61	0.312243	0.58034	0.6	0.6	5.19994	0	0	0.00691132
1477010443050000	0.734613	0.628749	7.22131	3.90005e-17	3.33856e-17	radar	74.2445	0.862916	0.534212	0.859997	0.600045	5.19975	0.00179686	0.000345566	0.0138215
1477010443100000	1.16052	0.494895	7.22447	-0.127058	-0.0118408	lidar	0.220189	1.17385	0.481073	1.11998	0.600225	5.19943	0.00538996	0.00103664	0.0207296
1477010443150000	1.25769	0.533205	7.20901	0.121778	0.0303985	radar	1.82606	0.969149	0.397513	1.37996	0.600629	5.19898	0.0107781	0.00207312	0.0276344
1477010443200000	1.61613	0.5953	7.22304	0.160953	0.0461987	lidar	0.1659	1.65063	0.62469	1.6399	0.601347	5.19839	0.0179597	0.00345484	0.0345348
1477010443250000	1.85123	0.562651	5.98081	0.0283384	-0.220846	radar	7.34286	1.62331	0.499091	1.89982	0.60247	5.19766	0.0269323	0.00518158	0.0414297
1477010443300000	2.16196	0.592438	5.98108	0.0428771	-0.166837	lidar	0.248833	2.18882	0.648739	2.1597	0.604086	5.19678	0.0376932	0.00725307	0.0483182
1477010443350000	2.3775	0.639359	5.54668	0.0644161	-0.281447	radar	5.69111	1.96701	0.557117	2.41954	0.606284	5.19573	0.0502389	0.00966898	0.0551989
1477010443400000	2.65274	0.657717	5.5459	0.054128	-0.267289	lidar	0.00453834	2.65526	0.66598	2.67932	0.609155	5.1945	0.0645654	0.0124289	0.062071
1477010443450000	2.91923	0.651987	5.47963	0.00964112	-0.40506	radar	0.25661	2.92034	0.645898	2.93904	0.612786	5.19309	0.080668	0.0155325	0.0689333
1477010443500000	3.15326	0.649272	5.43361	-0.0031029	-0.37908	lidar	1.12434	3.01222	0.637046	3.19869	0.617267	5.19147	0.0985415	0.0189791	0.0757847
1477010443550000	3.43986	0.545034	5.47845	-0.1538	-0.806047	radar	1.39103	3.56096	0.485311	3.45825	0.622685	5.18963	0.11818	0.0227684	0.0826241
1477010443600000	3.74349	0.43187	5.55994	-0.277389	-1.04953	lidar	2.23669	3.89365	0.311793	3.71772	0.62913	5.18754	0.139576	0.0268996	0.0894504
1477010443650000	4.02318	0.516921	5.5326	-0.137958	-0.521255	radar	4.02759	4.19786	0.698311	3.97708	0.636689	5.18519	0.162724	0.0313721	0.0962627
1477010443700000	4.29661	0.509889	5.50949	-0.130429	-0.439323	lidar	0.324004	4.30935	0.578564	4.23632	0.645449	5.18256	0.187614	0.0361852	0.10306
1477010443750000	4.55472	0.551294	5.38282	-0.0831131	-0.285229	radar	1.74989	4.61908	0.68951	4.49542	0.655498	5.17962	0.214238	0.0413382	0.10984
1477010443800000	4.73729	0.663816	5.17505	0.023545	-0.0300242	lidar	11.955	4.35143	0.899174	4.75437	0.666921	5.17634	0.242587	0.0468302	0.116604
1477010443850000	4.98837	0.662881	5.08223	0.0155463	-0.0421564	radar	1.22282	5.20901	0.66599	5.01315	0.679804	5.1727	0.272649	0.0526604	0.123349
1477010443900000	5.2876	0.655889	5.15665	0.00313398	-0.0618081	lidar	2.85942	5.51894	0.648233	5.27175	0.694234	5.16867	0.304413	0.0588279	0.130074
1477010443950000	5.54778	0.661418	5.25005	0.00567149	-0.0512586	radar	1.9174	5.22834	0.639362	5.53013	0.710295	5.16422	0.337868	0.0653316	0.136779
1477010444000000	5.84324	0.67508	5.30073	0.010624	-0.0391642	lidar	1.75801	6.022	0.708619	5.78828	0.728072	5.15932	0.372999	0.0721706	0.143463
1477010444050000	6.08408	0.60232	5.17341	-0.0426915	-0.121626	radar	3.40816	5.89392	0.373584	6.04618	0.747647	5.15393	0.409793	0.0793437	0.150124
1477010444100000	6.33694	0.7143	5.14908	0.031191	0.000224457	lidar	3.73602	6.34249	0.948833	6.30379	0.769103	5.14803	0.448233	0.0868499	0.156761
1477010444150000	6.58681	0.74563	5.10404	0.0456014	0.0211902	radar	0.356959	6.62134	0.836138	6.5611	0.792523	5.14157	0.488305	0.0946879	0.163373
1477010444200000	6.83237	0.743517	5.09089	0.038717	0.0101195	lidar	0.188391	6.78214	0.714036	6.81808	0.817988	5.13452	0.52999	0.102857	0.169959
1477010444250000	7.07337	0.727465	4.95544	0.0238196	-0.0115165	radar	2.12636	7.29121	0.630741	7.07469	0.845578	5.12685	0.573269	0.111355	0.176519
1477010444300000	7.28833	0.80991	4.90204	0.0672364	0.0469853	lidar	2.69574	7.13735	0.957217	7.3309	0.875373	5.11851	0.618123	0.120181	0.183051
1477010444350000	7.58623	0.820576	5.13651	0.06496	0.0409889	radar	5.21557	8.08349	0.819605	7.58668	0.907449	5.10946	0.664531	0.129333	0.189554
1477010444400000	7.83793	0.799567	5.12873	0.0470052	0.0158268	lidar	0.476176	7.80533	0.719126	7.84199	0.941886	5.09966	0.712469	0.138811	0.196027
1477010444450000	8.08599	0.816887	5.01557	0.0502289	0.0181693	radar	2.18223	8.40453	0.884557	8.0968	0.978759	5.08907	0.761915	0.148612	0.202468
1477010444500000	8.32196	0.834273	4.99308	0.054015	0.0218157	lidar	0.292523	8.24796	0.840322	8.35106	1.01814	5.07766	0.812843	0.158735	0.208879
1477010444550000	8.59531	0.920364	5.19654	0.0912392	0.066203	radar	6.9535	8.45858	1.41118	8.60472	1.06011	5.06537	0.865226	0.169179	0.215255
1477010444600000	8.83505	0.979267	5.16892	0.112303	0.0875885	lidar	0.745498	8.74615	1.04858	8.85775	1.10473	5.05216	0.919037	0.179942	0.221599
1477010444650000	9.12689	1.01755	5.23967	0.119497	0.090556	radar	6.79677	9.8809	1.1419	9.1101	1.15208	5.03798	0.974245	0.191022	0.227907
1477010444700000	9.36588	1.05137	5.20662	0.125878	0.0929691	lidar	0.639838	9.25579	1.04913	9.36172	1.20223	5.0228	1.03082	0.202417	0.234179
1477010444750000	9.64708	1.12323	5.27472	0.147537	0.112837	radar	4.43916	10.1016	1.52474	9.61255	1.25524	5.00656	1.08873	0.214126	0.240414
1477010444800000	9.92483	1.25071	5.31801	0.193044	0.15955	lidar	3.23259	10.0484	1.44598	9.86254	1.31118	4.98922	1.14794	0.226147	0.246611
1477010444850000	10.1708	1.33762	5.16799	0.219233	0.182263	radar	4.97278	10.5377	1.72555	10.1117	1.37011	4.97074	1.20841	0.238478	0.252769
1477010444900000	10.3937	1.41874	5.12839	0.240901	0.197389	lidar	1.22691	10.2492	1.45907	10.3598	1.4321	4.95106	1.2701	0.251116	0.258887
1477010444950000	10.623	1.49754	4.96039	0.261543	0.211868	radar	3.3741	10.9084	1.70343	10.6069	1.49721	4.93014	1.33298	0.26406	0.264964
1477010445000000	10.8435	1.53077	4.91982	0.259081	0.19679	lidar	1.03439	10.7313	1.45265	10.853	1.56549	4.90794	1.39701	0.277309	0.271
1477010445050000	11.1119	1.58244	5.0314	0.259822	0.185005	radar	2.23505	11.4783	1.42876	11.0979	1.637	4.8844	1.46213	0.290859	0.276993
1477010445100000	11.3921	1.63255	5.08465	0.258908	0.172643	lidar	2.04076	11.587	1.61462	11.3416	1.71179	4.85948	1.52832	0.304708	0.282942
1477010445150000	11.6221	1.6875	5.01225	0.264472	0.169583	radar	0.666852	11.4763	1.53917	11.584	1.78992	4.83313	1.59551	0.318855	0.288846
1477010445200000	11.85	1.75338	4.99108	0.273897	0.170803	lidar	0.270572	11.7788	1.74591	11.8251	1.87144	4.80531	1.66366	0.333298	0.294705
1477010445250000	12.1089	1.84402	5.11955	0.289318	0.177815	radar	1.56586	12.136	2.14937	12.0647	1.95639	4.77598	1.73273	0.348033	0.300517
1477010445300000	12.3519	1.87591	5.09724	0.279493	0.15572	lidar	0.592731	12.3226	1.78353	12.3029	2.04482	4.74508	1.80265	0.363059	0.306282
1477010445350000	12.6094	1.93904	5.18646	0.281263	0.147616	radar	0.778138	12.5457	1.77728	12.5394	2.13677	4.71257	1.87338	0.378373	0.311998
1477010445400000	12.8109	2.07178	5.14268	0.320236	0.185115	lidar	3.32819	12.5924	2.17509	12.7743	2.23227	4.67842	1.94485	0.393973	0.317665
1477010445450000	13.0809	2.1828	5.2972	0.337754	0.193085	radar	2.93645	13.2198	2.6644	13.0075	2.33137	4.64258	2.01701	0.409856	0.323282
1477010445500000	13.2869	2.32325	5.2587	0.37501	0.225813	lidar	2.65386	13.0875	2.40708	13.2388	2.43409	4.605	2.08981	0.42602	0.328848
1477010445550000	13.4623	2.46135	5.0214	0.416108	0.265167	radar	11.1977	12.7087	3.12439	13.4682	2.54047	4.56565	2.16317	0.442462	0.334362
1477010445600000	13.7125	2.57957	5.06373	0.43335	0.269732	lidar	0.917665	13.836	2.62479	13.6955	2.65053	4.52448	2.23703	0.459181	0.339823
1477010445650000	13.9319	2.68998	5.03018	0.449857	0.273941	radar	0.175076	13.8302	2.73893	13.9208	2.7643	4.48147	2.31134	0.476172	0.34523
1477010445700000	14.1612	2.8454	5.06778	0.482244	0.295728	lidar	0.72358	14.2106	2.94205	14.1439	2.88179	4.43656	2.38601	0.493433	0.350583
1477010445750000	14.413	2.9605	5.20573	0.487737	0.281442	radar	1.33469	14.5568	2.87021	14.3646	3.00303	4.38974	2.46099	0.510962	0.355881
1477010445800000	14.6186	3.03229	5.13073	0.483361	0.260086	lidar	2.23684	14.4616	2.90734	14.583	3.12802	4.34097	2.5362	0.528756	0.361122
1477010445850000	14.8513	3.19022	5.23438	0.509102	0.273023	radar	3.56622	14.6754	3.96041	14.7989	3.25679	4.29021	2.61157	0.546812	0.366307
1477010445900000	15.0625	3.38353	5.26571	0.552215	0.307366	lidar	1.11103	15.0261	3.5067	15.0122	3.38932	4.23744	2.68703	0.565128	0.371433
1477010445950000	15.2726	3.54893	5.1953	0.583456	0.329073	radar	2.70857	15.3685	4.14761	15.2228	3.52563	4.18263	2.76249	0.583699	0.376501
1477010446000000	15.488	3.73734	5.23633	0.617676	0.349682	lidar	0.611279	15.5236	3.82936	15.4306	3.66572	4.12575	2.83789	0.602525	0.381509
1477010446050000	15.6982	3.87155	5.20381	0.628221	0.342154	radar	1.00992	15.7234	3.4105	15.6355	3.80957	4.06678	2.91315	0.6216	0.386458
1477010446100000	15.92	4.01459	5.20944	0.638271	0.333948	lidar	0.195028	15.9774	4.00094	15.8375	3.95719	4.00571	2.98817	0.640923	0.391345
1477010446150000	16.1149	4.17144	5.09562	0.661932	0.346675	radar	1.63005	16.3376	4.21632	16.0363	4.10854	3.94251	3.0629	0.66049	0.39617
1477010446200000	16.3115	4.36711	5.13321	0.694317	0.364082	lidar	0.414185	16.3313	4.44499	16.2319	4.26363	3.87716	3.13723	0.680299	0.400933
1477010446250000	16.5222	4.53199	5.17361	0.707782	0.357396	radar	0.650232	16.7586	4.48231	16.4242	4.42242	3.80966	3.21109	0.700345	0.405632
1477010446300000	16.699	4.69806	5.14655	0.728078	0.360203	lidar	0.508532	16.6039	4.67344	16.613	4.5849	3.74	3.28438	0.720627	0.410268
1477010446350000	16.8529	4.87476	4.93764	0.764668	0.39138	radar	3.74592	16.9236	5.10119	16.7983	4.75103	3.66817	3.35704	0.74114	0.414838
1477010446400000	17.0148	5.10272	4.98872	0.807961	0.418742	lidar	0.816557	16.9955	5.21099	16.9799	4.92077	3.59416	3.42897	0.761882	0.419343
1477010446450000	17.1865	5.26392	4.94804	0.821931	0.411727	radar	1.47767	17.3421	4.64623	17.1579	5.09409	3.51797	3.50008	0.782849	0.423782
1477010446500000	17.3423	5.44643	4.93562	0.844933	0.414487	lidar	0.154147	17.2894	5.43542	17.3319	5.27094	3.4396	3.57028	0.804038	0.428154
1477010446550000	17.5006	5.60413	4.86244	0.8584	0.408197	radar	2.7993	17.6463	4.74597	17.5019	5.45128	3.35907	3.63949	0.825446	0.432459
1477010446600000	17.6885	5.72941	4.81336	0.849704	0.374869	lidar	1.31755	17.7853	5.62476	17.6679	5.63506	3.27637	3.70762	0.847069	0.436695
1477010446650000	17.836	5.91331	4.74751	0.87514	0.386349	radar	0.669362	17.9216	6.07151	17.8297	5.82221	3.19151	3.77458	0.868904	0.440862
1477010446700000	18.0065	6.11236	4.79144	0.894191	0.386199	lidar	0.933136	18.1263	6.16985	17.9872	6.01269	3.10453	3.84027	0.890947	0.444959
1477010446750000	18.1595	6.31557	4.83567	0.916086	0.388034	radar	0.878641	18.1245	6.79027	18.1402	6.20641	3.01542	3.90462	0.913195	0.448987
1477010446800000	18.2799	6.56249	4.89005	0.960453	0.41659	lidar	0.919517	18.2164	6.66138	18.2888	6.40332	2.92421	3.96753	0.935644	0.452943
1477010446850000	18.4142	6.77089	4.88048	0.985807	0.423196	radar	0.27491	18.4022	7.02231	18.4328	6.60333	2.83093	4.0289	0.958291	0.456828
1477010446900000	18.5589	6.90738	4.78684	0.981386	0.393941	lidar	1.41322	18.5422	6.76013	18.572	6.80638	2.7356	4.08867	0.981133	0.46064
1477010446950000	18.7097	7.11533	4.87835	0.992842	0.37969	radar	0.795837	18.8089	7.24388	18.7064	7.01237	2.63825	4.14672	1.00417	0.46438
1477010447000000	18.9046	7.25783	4.83567	0.972678	0.33549	lidar	3.68434	19.1441	7.18344	18.8359	7.22122	2.53893	4.20299	1.02738	0.468047
1477010447050000	18.9965	7.44708	4.6839	1.00589	0.361321	radar	3.62781	18.5479	7.4012	18.9604	7.43283	2.43767	4.25737	1.05079	0.47164
1477010447100000	19.0857	7.72321	4.77847	1.05812	0.400193	lidar	1.78127	19.0138	7.8688	19.0798	7.64712	2.3345	4.3098	1.07437	0.475158
1477010447150000	19.2086	7.92728	4.7977	1.07221	0.391489	radar	0.266123	19.3089	7.67375	19.1939	7.86397	2.22949	4.36017	1.09813	0.478601
1477010447200000	19.2865	8.1484	4.78623	1.10565	0.40681	lidar	1.30571	19.132	8.12845	19.3028	8.08329	2.12266	4.40842	1.12206	0.481969
1477010447250000	19.3867	8.35806	4.81607	1.12227	0.398137	radar	2.16211	19.0239	8.17194	19.4062	8.30497	2.01409	4.45445	1.14615	0.48526
1477010447300000	19.4807	8.50203	4.68396	1.12449	0.3777	lidar	3.1635	19.347	8.30741	19.5042	8.5289	1.90381	4.49819	1.17042	0.488475
1477010447350000	19.5749	8.70366	4.63722	1.14438	0.381243	radar	0.443408	19.6843	8.35902	19.5966	8.75494	1.7919	4.53956	1.19484	0.491613
1477010447400000	19.7336	8.88395	4.62596	1.13283	0.347511	lidar	4.0221	20.0039	8.8906	19.6835	8.983	1.67841	4.57848	1.21942	0.494673
1477010447450000	19.8113	9.09723	4.56594	1.16198	0.365815	radar	0.930294	19.6061	9.48659	19.7645	9.21294	1.56341	4.61488	1.24416	0.497655
1477010447500000	19.9379	9.33553	4.63938	1.17409	0.359715	lidar	3.35105	20.1574	9.45949	19.8398	9.44463	1.44697	4.64869	1.26904	0.500558
1477010447550000	19.9891	9.54429	4.51788	1.21183	0.390923	radar	2.37494	19.6163	9.76606	19.9093	9.67795	1.32916	4.67984	1.29407	0.503383
1477010447600000	20.0724	9.7961	4.59237	1.23879	0.399718	lidar	1.10781	20.1573	9.90876	19.9728	9.91275	1.21005	4.70826	1.31923	0.506127
1477010447650000	20.1341	10.0481	4.68568	1.267	0.404767	radar	7.4035	19.1911	11.5493	20.0303	10.1489	1.08972	4.73389	1.34454	0.508793
1477010447700000	20.1798	10.3343	4.78846	1.30942	0.429785	lidar	1.19663	20.166	10.4687	20.0818	10.3863	0.968259	4.75666	1.36998	0.511377
1477010447750000	20.1989	10.5629	4.69567	1.35367	0.464471	radar	2.94316	19.6775	10.803	20.1271	10.6247	0.845742	4.77652	1.39555	0.513881
1477010447800000	20.2542	10.8483	4.80359	1.38549	0.474513	lidar	2.22467	20.371	11.0109	20.1663	10.864	0.722256	4.7934	1.42124	0.516304
1477010447850000	20.2819	11.1095	4.86216	1.41708	0.480874	radar	4.90349	19.4335	12.3402	20.1993	11.1041	0.597892	4.80727	1.44706	0.518645
1477010447900000	20.3162	11.3494	4.86122	1.44094	0.480675	lidar	8.39118e-05	20.3164	11.3483	20.2261	11.3449	0.472738	4.81807	1.47299	0.520904
1477010447950000	20.2671	11.5879	4.71506	1.51222	0.553346	radar	10.6604	19.2063	12.2418	20.2466	11.5861	0.346889	4.82575	1.49904	0.523081
1477010448000000	20.3368	11.8302	4.73733	1.51826	0.530344	lidar	4.74279	20.6141	11.9422	20.2608	11.8275	0.220439	4.83027	1.52519	0.525176
1477010448050000	20.3608	12.0677	4.8228	1.52591	0.493927	radar	3.70369	19.966	11.9688	20.2687	12.0692	0.093487	4.83159	1.55145	0.527187
1477010448100000	20.3437	12.3669	4.93946	1.56741	0.512275	lidar	1.11807	20.3263	12.4966	20.2701	12.3108	-0.0338694	4.82968	1.57781	0.529115
1477010448150000	20.2967	12.5991	4.82977	1.62273	0.56158	radar	3.29049	20.0192	12.4823	20.2652	12.5522	-0.161529	4.82451	1.60426	0.53096
1477010448200000	20.3222	12.8362	4.8192	1.63451	0.544308	lidar	1.8304	20.498	12.8924	20.254	12.7933	-0.28939	4.81605	1.63081	0.532721
1477010448250000	20.3128	13.0617	4.77803	1.65877	0.543445	radar	2.06953	20.9151	12.2555	20.2363	13.0339	-0.417348	4.80428	1.65745	0.534397
1477010448300000	20.2794	13.27	4.7201	1.68721	0.544538	lidar	0.942082	20.1943	13.1688	20.2122	13.2738	-0.545298	4.78918	1.68417	0.53599
1477010448350000	20.2423	13.5028	4.73639	1.71336	0.538921	radar	1.30038	19.858	13.5236	20.1818	13.5129	-0.673135	4.77072	1.71097	0.537498
1477010448400000	20.2178	13.7693	4.80049	1.73713	0.53586	lidar	1.38473	20.3245	13.8896	20.1449	13.7509	-0.800753	4.74892	1.73784	0.53892
1477010448450000	20.1653	13.9914	4.75317	1.7719	0.55053	radar	0.83631	20.3387	13.5307	20.1017	13.9878	-0.928043	4.72374	1.76479	0.540258
1477010448500000	20.1059	14.2545	4.82048	1.80346	0.555071	lidar	0.422143	20.1216	14.337	20.0521	14.2233	-1.0549	4.69521	1.7918	0.54151
1477010448550000	20.0348	14.4821	4.81681	1.835	0.557972	radar	1.38044	19.6717	14.4038	19.9962	14.4573	-1.18121	4.66331	1.81888	0.542677
1477010448600000	19.9212	14.7467	4.90834	1.88074	0.576992	lidar	1.23846	19.781	14.773	19.934	14.6897	-1.30687	4.62805	1.84601	0.543759
1477010448650000	19.8553	14.9627	4.89022	1.89796	0.55492	radar	3.36699	20.1149	14.0165	19.8655	14.9202	-1.43177	4.58944	1.8732	0.544754
1477010448700000	19.8284	15.1739	4.81797	1.90588	0.534129	lidar	2.13322	20.0208	15.2053	19.7908	15.1486	-1.55581	4.54751	1.90044	0.545663
1477010448750000	19.7029	15.3756	4.70509	1.97722	0.61845	radar	7.92148	20.0157	15.3443	19.7099	15.3749	-1.67887	4.50226	1.92772	0.546486
1477010448800000	19.6805	15.5523	4.57565	1.98307	0.592058	lidar	3.16767	19.9131	15.554	19.6229	15.5989	-1.80085	4.45372	1.95504	0.547223
1477010448850000	19.5932	15.7492	4.55336	2.00834	0.584311	radar	1.22975	19.9388	15.0864	19.5298	15.8203	-1.92164	4.40193	1.98241	0.547873
1477010448900000	19.4841	15.9704	4.59416	2.03974	0.586674	lidar	0.105989	19.4748	16.0098	19.4307	16.039	-2.04114	4.3469	2.0098	0.548437
1477010448950000	19.3854	16.1751	4.61145	2.05619	0.559808	radar	1.77769	19.1556	16.0022	19.3257	16.2549	-2.15925	4.28868	2.03722	0.548915
1477010449000000	19.276	16.3529	4.56273	2.08624	0.56186	lidar	0.441996	19.238	16.2719	19.2148	16.4679	-2.27586	4.22731	2.06467	0.549305
1477010449050000	19.1628	16.5445	4.54823	2.11549	0.56485	radar	0.226947	19.4007	16.2962	19.0981	16.6777	-2.39087	4.16284	2.09213	0.549609
1477010449100000	19.0234	16.7672	4.62487	2.14656	0.567867	lidar	0.35882	19.0029	16.8387	18.9757	16.8841	-2.50418	4.0953	2.11961	0.549826
1477010449150000	18.8678	16.9591	4.62431	2.20491	0.627278	radar	6.77835	18.8373	17.7112	18.8477	17.0872	-2.61571	4.02476	2.1471	0.549957
1477010449200000	18.6783	17.2151	4.81404	2.24239	0.633583	lidar	2.11293	18.6148	17.3832	18.7142	17.2866	-2.72534	3.95127	2.1746	0.55
1477010449250000	18.5773	17.4172	4.79722	2.2283	0.550027	radar	5.91326	18.8177	17.0316	18.5752	17.4822	-2.83299	3.87489	2.2021	0.549957
1477010449300000	18.3532	17.6217	4.91761	2.27682	0.57106	lidar	3.79302	18.1023	17.5529	18.4309	17.674	-2.93858	3.79568	2.2296	0.549826
1477010449350000	18.2153	17.8148	4.91046	2.28115	0.524843	radar	2.36513	18.2749	17.4877	18.2814	17.8617	-3.042	3.71372	2.25709	0.549609
1477010449400000	18.0873	17.9961	4.86179	2.29747	0.515021	lidar	0.954632	18.2094	18.0461	18.1268	18.0453	-3.14318	3.62906	2.28457	0.549305
1477010449450000	17.9127	18.1497	4.82557	2.34005	0.544454	radar	2.00349	18.3021	17.498	17.9671	18.2246	-3.24204	3.5418	2.31204	0.548915
1477010449500000	17.7923	18.2806	4.68933	2.36114	0.53853	lidar	1.05792	17.9018	18.2183	17.8026	18.3994	-3.3385	3.45199	2.33948	0.548437
1477010449550000	17.6632	18.4573	4.65706	2.36879	0.511761	radar	6.63376	18.8558	18.1364	17.6334	18.5697	-3.43247	3.35973	2.3669	0.547873
1477010449600000	17.4584	18.6489	4.76042	2.39742	0.514606	lidar	0.572125	17.3845	18.7039	17.4595	18.7353	-3.5239	3.26509	2.3943	0.547223
1477010449650000	17.2808	18.7876	4.72859	2.43188	0.529323	radar	1.73571	17.7945	18.0801	17.281	18.8962	-3.61271	3.16817	2.42166	0.546486
1477010449700000	17.1243	18.9193	4.65996	2.45652	0.527645	lidar	0.254387	17.1762	18.8863	17.0983	19.0521	-3.69883	3.06904	2.44898	0.545663
1477010449750000	16.9569	19.0898	4.67443	2.46887	0.507551	radar	3.08784	16.9398	19.7311	16.9113	19.203	-3.78221	2.9678	2.47627	0.544754
1477010449800000	16.7369	19.2083	4.69212	2.50927	0.52258	lidar	2.70306	16.5734	19.052	16.7201	19.3488	-3.86278	2.86455	2.5035	0.543759
1477010449850000	16.5441	19.3643	4.72732	2.53284	0.523154	radar	3.26018	16.1674	20.2201	16.5251	19.4894	-3.9405	2.75938	2.53069	0.542677
1477010449900000	16.3071	19.5354	4.85093	2.55828	0.521829	lidar	0.809835	16.2338	19.6171	16.3262	19.6246	-4.01531	2.65237	2.55783	0.54151
1477010449950000	16.0861	19.6175	4.81724	2.60823	0.555812	radar	10.0942	16.4366	18.2742	16.1237	19.7545	-4.08716	2.54364	2.5849	0.540258
1477010450000000	15.8778	19.7634	4.85229	2.62845	0.548026	lidar	0.730755	15.9243	19.8703	15.9176	19.8789	-4.15602	2.43329	2.61191	0.53892
1477010450050000	15.6929	19.8848	4.78543	2.63496	0.50665	radar	3.29008	16.2328	19.2166	15.7082	19.9978	-4.22185	2.32141	2.63886	0.537498
1477010450100000	15.4524	20.0447	4.89813	2.65238	0.497841	lidar	1.18607	15.4332	20.1836	15.4956	20.111	-4.28461	2.2081	2.66574	0.53599
1477010450150000	15.2335	20.1922	4.93911	2.66326	0.477817	radar	5.59573	14.3677	21.3406	15.2799	20.2185	-4.34427	2.09347	2.69253	0.534397
1477010450200000	15.053	20.3169	4.88447	2.67596	0.467115	lidar	1.97739	15.2016	20.4385	15.0613	20.3203	-4.4008	1.97763	2.71925	0.532721
1477010450250000	14.8213	20.4008	4.88566	2.71237	0.485967	radar	2.11494	14.7476	19.9571	14.84	20.4162	-4.4542	1.86068	2.74589	0.53096
1477010450300000	14.6077	20.5179	4.88917	2.72951	0.47883	lidar	0.619401	14.6665	20.6088	14.6161	20.5063	-4.50443	1.74272	2.77244	0.529115
1477010450350000	14.3657	20.609	4.93153	2.764	0.499373	radar	1.20231	13.841	21.0031	14.3897	20.5904	-4.55149	1.62386	2.79889	0.527187
1477010450400000	14.121	20.6815	4.94206	2.79603	0.506323	lidar	0.670212	14.0521	20.5924	14.1611	20.6686	-4.59537	1.50421	2.82525	0.525176
1477010450450000	13.8798	20.7558	4.96585	2.82996	0.523353	radar	0.343597	13.8232	20.859	13.9304	20.7408	-4.63606	1.38386	2.85151	0.523081
1477010450500000	13.6016	20.8215	5.03716	2.86366	0.530172	lidar	1.47084	13.4686	20.7253	13.6977	20.807	-4.67357	1.26294	2.87767	0.520904
1477010450550000	13.3481	20.856	5.0694	2.9141	0.573516	radar	2.41535	13.8263	20.4261	13.4632	20.8671	-4.70789	1.14153	2.90371	0.518645
1477010450600000	13.1091	20.8922	5.0371	2.94774	0.578879	lidar	0.223493	13.1072	20.8294	13.2271	20.9211	-4.73904	1.01975	2.92964	0.516304
1477010450650000	12.8753	20.9516	5.01685	2.96945	0.570078	radar	1.80397	13.2669	21.1579	12.9895	20.969	-4.76702	0.897694	2.95546	0.513881
1477010450700000	12.6937	20.9853	4.88178	2.99509	0.569372	lidar	2.17563	12.8729	21.0592	12.7506	21.0108	-4.79186	0.775469	2.98115	0.511377
1477010450750000	12.435	21.029	4.93195	3.02223	0.569874	radar	2.51995	11.5171	21.6724	12.5106	21.0465	-4.81358	0.653175	3.00672	0.508793
1477010450800000	12.1903	21.065	4.93786	3.04719	0.56619	lidar	0.121533	12.2062	21.11	12.2695	21.0761	-4.83219	0.530912	3.03216	0.506127
1477010450850000	11.951	21.085	4.93921	3.07809	0.573659	radar	0.982049	12.3859	21.1066	12.0276	21.0996	-4.84773	0.408778	3.05747	0.503383
1477010450900000	11.7159	21.0523	4.89066	3.12268	0.590769	lidar	1.96745	11.6814	20.8651	11.785	21.117	-4.86022	0.286869	3.08264	0.500558
1477010450950000	11.4683	21.0389	4.89323	3.15812	0.59774	radar	1.09269	11.5265	20.6748	11.5418	21.1283	-4.86971	0.165281	3.10767	0.497655
1477010451000000	11.2626	21.0283	4.81343	3.18923	0.600641	lidar	0.688012	11.363	21.0688	11.2982	21.1335	-4.87623	0.0441057	3.13255	0.494673
1477010451050000	11.0061	20.9905	4.84295	3.22823	0.610481	radar	4.17012	10.5558	20.5567	11.0544	21.1327	-4.87982	-0.076565	3.15728	0.491613
1477010451100000	10.8058	20.9491	4.75557	3.26627	0.620187	lidar	0.507456	10.8903	20.927	10.8105	21.1259	-4.88053	-0.196643	3.18186	0.488475
1477010451150000	10.5631	20.9443	4.6962	3.27627	0.581775	radar	5.46719	9.30535	21.3896	10.5666	21.1131	-4.8784	-0.31604	3.20629	0.48526
1477010451200000	10.2665	20.9779	4.83966	3.27576	0.547559	lidar	3.56332	10.189	21.209	10.3229	21.0943	-4.87349	-0.434674	3.23055	0.481969
1477010451250000	10.0305	20.958	4.82759	3.29627	0.538738	radar	1.0164	9.97958	21.2932	10.0795	21.0697	-4.86585	-0.552463	3.25465	0.478601
1477010451300000	9.85019	20.9152	4.7114	3.32872	0.547082	lidar	1.49989	9.99634	20.9797	9.83658	21.0391	-4.85554	-0.669327	3.27858	0.475158
1477010451350000	9.62937	20.9	4.60748	3.33444	0.508803	radar	2.13276	9.38223	21.111	9.59422	21.0028	-4.84262	-0.785189	3.30234	0.47164
1477010451400000	9.4438	20.8481	4.52756	3.36573	0.516642	lidar	0.601934	9.53921	20.8762	9.35258	20.9607	-4.82714	-0.899977	3.32592	0.468047
1477010451450000	9.23295	20.8022	4.52168	3.39124	0.51883	radar	1.39482	9.63392	20.9724	9.11177	20.9128	-4.80919	-1.01362	3.34932	0.46438
1477010451500000	8.91354	20.7794	4.72065	3.39154	0.487837	lidar	3.05844	8.70331	20.8221	8.87192	20.8594	-4.78881	-1.12605	3.37254	0.46064
1477010451550000	8.70736	20.6978	4.69048	3.42805	0.503403	radar	4.27413	9.84634	20.009	8.63315	20.8003	-4.76608	-1.2372	3.39557	0.456828
1477010451600000	8.41174	20.6193	4.83408	3.44721	0.494156	lidar	3.06272	8.22277	20.4839	8.39557	20.7358	-4.74108	-1.34701	3.41841	0.452943
1477010451650000	8.18346	20.5396	4.84456	3.47516	0.499589	radar	0.0643374	8.29647	20.4978	8.1593	20.6657	-4.71387	-1.45542	3.44106	0.448987
1477010451700000	7.93427	20.4608	4.88612	3.49572	0.494131	lidar	0.153384	7.88599	20.45	7.92445	20.5903	-4.68453	-1.56237	3.46351	0.444959
1477010451750000	7.71727	20.3755	4.91173	3.52648	0.508548	radar	3.37726	8.29081	20.6565	7.69111	20.5096	-4.65313	-1.66781	3.48576	0.440862
1477010451800000	7.3852	20.3204	5.10537	3.51936	0.470639	lidar	3.18314	7.18029	20.392	7.45939	20.4237	-4.61975	-1.7717	3.5078	0.436695
1477010451850000	7.14859	20.2262	5.08317	3.53937	0.463147	radar	0.262676	7.09214	20.1196	7.22939	20.3326	-4.58448	-1.87399	3.52963	0.432459
1477010451900000	6.87962	20.1424	5.14659	3.54992	0.448798	lidar	0.402758	6.81542	20.1859	7.00119	20.2364	-4.54738	-1.97462	3.55126	0.428154
1477010451950000	6.65268	20.0522	5.09908	3.56587	0.438122	radar	0.601574	6.89359	20.1536	6.7749	20.1352	-4.50854	-2.07357	3.57266	0.423782
1477010452000000	6.40701	19.9592	5.12133	3.58007	0.429732	lidar	0.191538	6.38914	20.0137	6.55059	20.0292	-4.46805	-2.17079	3.59385	0.419343
1477010452050000	6.19043	19.8664	5.08567	3.59797	0.426612	radar	2.99036	6.67637	20.2142	6.32834	19.9183	-4.42598	-2.26625	3.61482	0.414838
1477010452100000	5.92557	19.7718	5.14856	3.60505	0.410618	lidar	0.497418	5.86119	19.8306	6.10823	19.8027	-4.38241	-2.35993	3.63556	0.410268
1477010452150000	5.68322	19.6291	5.24546	3.63747	0.43156	radar	1.67018	5.28178	19.5036	5.89034	19.6824	-4.33744	-2.45178	3.65608	0.405632
1477010452200000	5.52834	19.5024	5.10558	3.67465	0.450599	lidar	1.9495	5.69089	19.5755	5.67472	19.5577	-4.29114	-2.5418	3.67636	0.400933
1477010452250000	5.3256	19.3542	5.09821	3.70705	0.463068	radar	1.8123	5.9506	18.9859	5.46145	19.4284	-4.24359	-2.62995	3.6964	0.39617
1477010452300000	5.12019	19.2511	5.06159	3.72059	0.453833	lidar	2.00861	5.17021	19.4397	5.25059	19.2948	-4.19488	-2.71622	3.71621	0.391345
1477010452350000	4.94074	19.1381	4.92863	3.73685	0.441018	radar	4.67544	5.87397	19.301	5.04219	19.157	-4.1451	-2.80059	3.73578	0.386458
1477010452400000	4.78975	18.9883	4.8437	3.77445	0.459406	lidar	0.697227	4.89149	18.982	4.8363	19.015	-4.09432	-2.88305	3.7551	0.381509
1477010452450000	4.57563	18.8382	4.93301	3.79729	0.463945	radar	1.58913	3.98679	19.0452	4.63297	18.8689	-4.04263	-2.96359	3.77418	0.376501
1477010452500000	4.40416	18.707	4.87879	3.81974	0.464444	lidar	1.08292	4.4685	18.834	4.43224	18.7188	-3.99012	-3.0422	3.793	0.371433
1477010452550000	4.23346	18.5634	4.78402	3.84031	0.456378	radar	1.16134	4.69245	18.4634	4.23416	18.5648	-3.93685	-3.11888	3.81158	0.366307
1477010452600000	4.11851	18.4117	4.67088	3.8806	0.477996	lidar	1.57444	4.26269	18.481	4.03876	18.4071	-3.88293	-3.19362	3.82989	0.361122
1477010452650000	3.92044	18.2396	4.89015	3.90997	0.49774	radar	7.34178	3.42434	18.8357	3.84606	18.2457	-3.82841	-3.26644	3.84795	0.355881
1477010452700000	3.64878	18.0949	5.01965	3.89721	0.45345	lidar	2.74089	3.45919	18.167	3.65611	18.0807	-3.77339	-3.33732	3.86574	0.350583
1477010452750000	3.49577	17.9454	4.86608	3.91526	0.440915	radar	3.49679	4.3011	17.9267	3.46891	17.9122	-3.71795	-3.40627	3.88327	0.34523
1477010452800000	3.25894	17.7768	4.96353	3.91603	0.415403	lidar	1.20874	3.12525	17.7493	3.28449	17.7402	-3.66215	-3.47331	3.90053	0.339823
1477010452850000	3.0691	17.5935	5.07384	3.94002	0.426362	radar	2.17048	2.65664	17.888	3.10287	17.565	-3.60609	-3.53844	3.91752	0.334362
1477010452900000	2.89749	17.4748	5.00343	3.94451	0.40969	lidar	6.23757	2.9449	17.8154	2.92405	17.3866	-3.54982	-3.60167	3.93424	0.328848
1477010452950000	2.74333	17.2598	5.11507	3.98707	0.443882	radar	2.73053	3.26647	17.0897	2.74805	17.2051	-3.49344	-3.66302	3.95068	0.323282
1477010453000000	2.56793	17.0706	5.12299	4.00566	0.43979	lidar	0.025428	2.55407	17.0853	2.57486	17.0205	-3.437	-3.72251	3.96685	0.317665
1477010453050000	2.41143	16.9063	4.94635	4.01421	0.414444	radar	2.31396	2.55039	16.8884	2.4045	16.833	-3.38059	-3.78014	3.98273	0.311998
1477010453100000	2.25088	16.7346	4.93041	4.02886	0.408221	lidar	0.517484	2.25371	16.8334	2.23695	16.6427	-3.32428	-3.83595	3.99833	0.306282
1477010453150000	2.07891	16.538	4.89106	4.04001	0.391408	radar	4.79851	1.57735	16.0489	2.07221	16.4497	-3.26812	-3.88995	4.01365	0.300517
1477010453200000	1.92136	16.3081	4.94408	4.06632	0.39756	lidar	2.21928	1.88972	16.1054	1.91027	16.254	-3.21219	-3.94216	4.02867	0.294705
1477010453250000	1.77427	16.132	4.85041	4.07702	0.382509	radar	0.818162	1.74362	16.2687	1.75112	16.0557	-3.15656	-3.99261	4.04341	0.288846
1477010453300000	1.56688	15.9637	4.90451	4.06591	0.348412	lidar	1.78846	1.44745	16.0853	1.59474	15.8549	-3.10129	-4.04132	4.05785	0.282942
1477010453350000	1.43022	15.7322	5.0419	4.10129	0.376888	radar	2.06244	1.6097	15.5526	1.44111	15.6517	-3.04644	-4.08832	4.07199	0.276993
1477010453400000	1.25442	15.5114	5.10179	4.11099	0.365665	lidar	0.679606	1.18395	15.4284	1.29021	15.4463	-2.99207	-4.13364	4.08584	0.271
1477010453450000	1.09917	15.319	5.05675	4.11806	0.350302	radar	1.02022	0.828993	15.528	1.14201	15.2386	-2.93825	-4.1773	4.09939	0.264964
1477010453500000	0.881008	15.0964	5.17249	4.10894	0.318809	lidar	2.06528	0.722706	15.0075	0.996486	15.0288	-2.88503	-4.21933	4.11264	0.258887
1477010453550000	0.744391	14.9181	5.02828	4.11489	0.300893	radar	2.59379	1.03147	15.2134	0.853604	14.8169	-2.83246	-4.25977	4.12559	0.252769
1477010453600000	0.649458	14.7073	4.97385	4.14731	0.320897	lidar	0.519055	0.737301	14.7047	0.71333	14.603	-2.78061	-4.29864	4.13823	0.246611
1477010453650000	0.529588	14.4654	5.08725	4.17898	0.344614	radar	1.78575	0.722177	14.2445	0.575628	14.3872	-2.72952	-4.33598	4.15056	0.240414
1477010453700000	0.352302	14.2401	5.15567	4.17831	0.323654	lidar	0.724087	0.253435	14.2029	0.440459	14.1696	-2.67925	-4.37181	4.16258	0.234179
1477010453750000	0.213781	13.9859	5.33404	4.20413	0.343557	radar	2.36671	-0.0328023	13.9604	0.307779	13.9502	-2.62984	-4.40617	4.17429	0.227907
1477010453800000	0.212731	13.7399	5.20012	4.2725	0.402588	lidar	4.24888	0.459172	13.6856	0.177545	13.7292	-2.58135	-4.43909	4.18568	0.221599
1477010453850000	0.100415	13.4962	5.27567	4.2949	0.408667	radar	0.647588	0.0524412	13.6377	0.0497099	13.5065	-2.53381	-4.47061	4.19676	0.215255
1477010453900000	-0.0671769	13.2598	5.33577	4.2895	0.378595	lidar	1.05504	-0.190344	13.2856	-0.0757753	13.2823	-2.48728	-4.50075	4.20752	0.208879
1477010453950000	-0.182887	13.0442	5.20381	4.29588	0.358131	radar	1.40905	-0.275043	13.1456	-0.198962	13.0566	-2.44179	-4.52955	4.21797	0.202468
1477010454000000	-0.174103	12.8252	5.06207	4.35553	0.407903	lidar	3.8344	0.0462308	12.9301	-0.319903	12.8295	-2.39739	-4.55704	4.22809	0.196027
1477010454050000	-0.285424	12.6009	4.96108	4.36019	0.384208	radar	3.06731	-0.684792	12.3563	-0.438654	12.6011	-2.35412	-4.58326	4.23789	0.189554
1477010454100000	-0.404479	12.3667	4.99499	4.36486	0.367075	lidar	0.34517	-0.476482	12.3633	-0.555273	12.3714	-2.31202	-4.60823	4.24737	0.183051
1477010454150000	-0.519059	12.1591	4.93151	4.36428	0.342883	radar	3.5272	-0.972122	12.5207	-0.669818	12.1404	-2.27111	-4.63198	4.25652	0.176519
1477010454200000	-0.594626	11.9446	4.8997	4.38184	0.344015	lidar	0.475967	-0.582624	12.0386	-0.78235	11.9083	-2.23144	-4.65456	4.26535	0.169959
1477010454250000	-0.714075	11.7154	4.90628	4.37986	0.320142	radar	2.76768	-1.26757	11.6495	-0.892931	11.6751	-2.19304	-4.67598	4.27385	0.163373
1477010454300000	-0.915443	11.4672	5.03195	4.34506	0.260086	lidar	4.58907	-1.17212	11.3988	-1.00163	11.4409	-2.15594	-4.69628	4.28201	0.156761
1477010454350000	-1.00588	11.245	4.90501	4.35014	0.243502	radar	2.44391	-0.891441	10.959	-1.1085	11.2057	-2.12017	-4.71549	4.28985	0.150124
1477010454400000	-1.18742	11.0163	4.98725	4.32089	0.195432	lidar	2.78375	-1.39289	11.0424	-1.21362	10.9695	-2.08575	-4.73364	4.29736	0.143463
1477010454450000	-1.27161	10.7691	5.09886	4.34265	0.216332	radar	1.34253	-1.29894	10.9012	-1.31706	10.7324	-2.05273	-4.75075	4.30453	0.136779
1477010454500000	-1.40697	10.5114	5.17044	4.33674	0.196467	lidar	0.990615	-1.49687	10.4198	-1.41889	10.4945	-2.02111	-4.76686	4.31137	0.130074
1477010454550000	-1.50296	10.2464	5.26948	4.3521	0.206926	radar	1.16005	-1.59293	10.0212	-1.51917	10.2559	-1.99093	-4.78198	4.31787	0.123349
1477010454600000	-1.59725	10.0373	5.21395	4.35715	0.201924	lidar	2.13569	-1.61875	10.2374	-1.61797	10.0165	-1.96221	-4.79615	4.32404	0.116604
1477010454650000	-1.6822	9.81026	5.14018	4.36467	0.196059	radar	0.609594	-1.59702	9.96554	-1.71539	9.77637	-1.93498	-4.80939	4.32987	0.10984
1477010454700000	-1.75402	9.59288	5.08823	4.37807	0.200906	lidar	0.807833	-1.73381	9.71347	-1.81147	9.53564	-1.90924	-4.82172	4.33536	0.10306
1477010454750000	-1.87248	9.33691	5.20418	4.37778	0.19301	radar	2.51647	-2.27191	9.37316	-1.90631	9.29431	-1.88502	-4.83316	4.34052	0.0962627
1477010454800000	-1.96056	9.03937	5.28889	4.39114	0.19579	lidar	3.85497	-1.93833	8.77028	-1.99998	9.05243	-1.86233	-4.84374	4.34533	0.0894504
1477010454850000	-2.04024	8.82096	5.16152	4.39407	0.182421	radar	2.00996	-1.96565	9.13274	-2.09256	8.81003	-1.8412	-4.85347	4.3498	0.0826241
1477010454900000	-2.13836	8.56822	5.19102	4.39622	0.174168	lidar	0.138908	-2.1768	8.5411	-2.18412	8.56717	-1.82164	-4.86238	4.35393	0.0757847
1477010454950000	-2.27142	8.31053	5.24959	4.38281	0.147338	radar	2.78947	-2.65862	8.19477	-2.27474	8.32388	-1.80365	-4.87047	4.35772	0.0689333
1477010455000000	-2.31177	8.08245	5.1751	4.40664	0.166914	lidar	0.853085	-2.21875	8.15339	-2.3645	8.0802	-1.78726	-4.87778	4.36117	0.062071
1477010455050000	-2.36529	7.87584	5.06578	4.41972	0.171558	radar	5.45072	-2.273	8.52315	-2.45348	7.83617	-1.77248	-4.8843	4.36427	0.0551989
1477010455100000	-2.48427	7.62176	5.12973	4.40972	0.149794	lidar	0.821756	-2.59674	7.60288	-2.54177	7.59184	-1.75931	-4.89006	4.36703	0.0483182
1477010455150000	-2.64206	7.38713	5.08437	4.37354	0.0883639	radar	5.66012	-3.08256	7.38874	-2.62944	7.34723	-1.74777	-4.89507	4.36945	0.0414297
1477010455200000	-2.74982	7.13003	5.13668	4.36954	0.0781559	lidar	0.402377	-2.79865	7.064	-2.71658	7.10238	-1.73786	-4.89933	4.37152	0.0345348
1477010455250000	-2.80912	6.8982	5.13704	4.38809	0.101082	radar	1.63049	-2.79412	7.20818	-2.80326	6.85734	-1.72958	-4.90286	4.37325	0.0276344
1477010455300000	-2.8425	6.69922	5.01116	4.40922	0.120607	lidar	2.22457	-2.74651	6.86867	-2.88957	6.61214	-1.72295	-4.90566	4.37463	0.0207296
1477010455350000	-2.89157	6.48733	4.85054	4.41551	0.111049	radar	3.39262	-2.57673	6.36755	-2.97559	6.36681	-1.71797	-4.90774	4.37567	0.0138215
1477010455400000	-2.94805	6.25376	4.83871	4.42695	0.117692	lidar	0.149246	-2.90217	6.22989	-3.0614	6.12139	-1.71464	-4.90911	4.37636	0.00691132
1477010455450000	-3.07206	6.00136	4.95313	4.41264	0.0963837	radar	4.03574	-3.50172	6.10796	-3.14709	5.87592	-1.71297	-4.90976	4.3767	-1.76894e-16
1477010455500000	-3.16428	5.72019	5.0522	4.41263	0.0894855	lidar	1.98607	-3.1778	5.53101	-3.23274	5.63043	-1.71295	-4.9097	4.3767	-0.00691132
1477010455550000	-3.27301	5.47339	5.02237	4.39382	0.0504343	radar	2.41303	-3.19736	5.19093	-3.31843	5.38496	-1.71458	-4.90893	4.37636	-0.0138215
1477010455600000	-3.3762	5.20674	5.10106	4.38828	0.0405512	lidar	0.777044	-3.43031	5.10507	-3.40424	5.13955	-1.71787	-4.90745	4.37567	-0.0207296
1477010455650000	-3.44504	4.96122	5.11877	4.39926	0.0553922	radar	0.178385	-3.4281	4.94644	-3.49026	4.89422	-1.72281	-4.90525	4.37463	-0.0276344
1477010455700000	-3.57037	4.67176	5.26019	4.38692	0.0376616	lidar	2.24482	-3.69435	4.52196	-3.57657	4.64902	-1.72939	-4.90233	4.37325	-0.0345348
1477010455750000	-3.68167	4.4169	5.24486	4.36766	-0.000604571	radar	2.2674	-3.50501	4.17643	-3.66325	4.40398	-1.73763	-4.89868	4.37152	-0.0414297
1477010455800000	-3.82352	4.13536	5.37893	4.35025	-0.0197847	lidar	2.32999	-4.00238	4.04684	-3.75039	4.15913	-1.74749	-4.8943	4.36945	-0.0483182
1477010455850000	-3.90101	3.89727	5.35532	4.36153	0.00300369	radar	1.2682	-4.06447	4.10977	-3.83806	3.91452	-1.75899	-4.88918	4.36703	-0.0551989
1477010455900000	-3.96761	3.67213	5.26917	4.36836	0.00989651	lidar	0.809981	-3.88053	3.75177	-3.92635	3.67019	-1.77212	-4.8833	4.36427	-0.062071
1477010455950000	-4.0619	3.476	5.14062	4.35382	-0.0179133	radar	4.22416	-4.23729	3.88878	-4.01533	3.42616	-1.78686	-4.87666	4.36117	-0.0689333
1477010456000000	-4.15261	3.23223	5.14808	4.35313	-0.0176829	lidar	0.00890291	-4.15119	3.21968	-4.10509	3.18248	-1.8032	-4.86925	4.35772	-0.0757847
1477010456050000	-4.27223	2.9719	5.21178	4.33742	-0.0433175	radar	0.851933	-4.27467	2.88187	-4.19571	2.93919	-1.82113	-4.86104	4.35393	-0.0826241
1477010456100000	-4.36556	2.69238	5.29007	4.34023	-0.0377021	lidar	1.21146	-4.32451	2.55034	-4.28727	2.69633	-1.84065	-4.85202	4.3498	-0.0894504
1477010456150000	-4.45142	2.4442	5.28381	4.34514	-0.0260314	radar	0.166839	-4.38481	2.39989	-4.37985	2.45393	-1.86173	-4.84218	4.34533	-0.0962627
1477010456200000	-4.55921	2.17354	5.35467	4.34301	-0.0258122	lidar	0.539276	-4.61223	2.09192	-4.47352	2.21205	-1.88436	-4.83149	4.34052	-0.10306
1477010456250000	-4.66782	1.94285	5.32952	4.32032	-0.0717935	radar	4.18862	-4.29257	1.92854	-4.56836	1.97072	-1.90853	-4.81994	4.33536	-0.10984
1477010456300000	-4.78742	1.66025	5.43486	4.31704	-0.0691244	lidar	1.26185	-4.86829	1.53442	-4.66444	1.72998	-1.93422	-4.80751	4.32987	-0.116604
1477010456350000	-4.91163	1.40674	5.47496	4.30187	-0.0906625	radar	0.45733	-4.98165	1.43611	-4.76186	1.48989	-1.9614	-4.79417	4.32404	-0.123349
1477010456400000	-4.96587	1.18581	5.34219	4.30794	-0.0838876	lidar	5.26674	-4.66779	1.28643	-4.86066	1.25049	-1.99007	-4.7799	4.31787	-0.130074
1477010456450000	-5.05778	0.980035	5.22845	4.30324	-0.0834425	radar	1.1874	-4.98594	1.10894	-4.96095	1.01182	-2.02019	-4.76468	4.31137	-0.136779
1477010456500000	-5.11485	0.758229	5.13649	4.30873	-0.076754	lidar	3.80294	-4.85498	0.825661	-5.06277	0.77393	-2.05174	-4.74848	4.30453	-0.143463
1477010456550000	-5.21395	0.448254	5.32294	4.3155	-0.0670195	radar	5.30983	-4.84736	0.18101	-5.16621	0.536876	-2.08471	-4.73127	4.29736	-0.150124
1477010456600000	-5.28727	0.213354	5.26948	4.31828	-0.0625167	lidar	1.5214	-5.1231	0.257311	-5.27133	0.300706	-2.11906	-4.71303	4.28985	-0.156761
1477010456650000	-5.39649	-0.0148709	5.20375	4.31793	-0.0481551	radar	5.83474	-5.99809	-0.290765	-5.3782	0.0654719	-2.15477	-4.69374	4.28201	-0.163373
1477010456700000	-5.46615	-0.247328	5.15932	4.32238	-0.0424878	lidar	1.51992	-5.29972	-0.212982	-5.4869	-0.168772	-2.1918	-4.67335	4.27385	-0.169959
1477010456750000	-5.58462	-0.419025	5.05553	4.2956	-0.0801806	radar	3.56576	-5.64447	-0.144522	-5.59748	-0.401971	-2.23014	-4.65185	4.26535	-0.176519
1477010456800000	-5.71814	-0.596248	4.96841	4.27022	-0.107371	lidar	2.36604	-5.85359	-0.445801	-5.71001	-0.634069	-2.26974	-4.62919	4.25652	-0.183051
1477010456850000	-5.83368	-0.835245	5.10641	4.25296	-0.137619	radar	5.70697	-5.30947	-0.724468	-5.82456	-0.865006	-2.31058	-4.60536	4.24737	-0.189554
1477010456900000	-5.93128	-1.11404	5.19612	4.26335	-0.11436	lidar	1.57125	-5.87835	-1.26863	-5.94118	-1.09472	-2.35262	-4.58032	4.23789	-0.196027
1477010456950000	-6.02095	-1.38979	5.26507	4.27506	-0.0921451	radar	2.76888	-5.68069	-1.52871	-6.05993	-1.32316	-2.39581	-4.55404	4.22809	-0.202468
1477010457000000	-6.15956	-1.59579	5.22176	4.25413	-0.112681	lidar	1.15811	-6.27263	-1.50938	-6.18087	-1.55025	-2.44014	-4.52648	4.21797	-0.208879
1477010457050000	-6.30161	-1.84748	5.40766	4.23238	-0.14697	radar	3.58809	-6.11355	-1.75966	-6.30406	-1.77593	-2.48555	-4.49762	4.20752	-0.215255
1477010457100000	-6.41044	-2.10172	5.42422	4.23409	-0.135749	lidar	0.350441	-6.34007	-2.13685	-6.42954	-2.00014	-2.532	-4.46742	4.19676	-0.221599
1477010457150000	-6.55973	-2.30178	5.33325	4.21183	-0.152506	radar	3.44038	-6.99344	-2.17445	-6.55738	-2.22281	-2.57946	-4.43585	4.18568	-0.227907
1477010457200000	-6.71035	-2.50924	5.30087	4.19038	-0.170004	lidar	0.635312	-6.79288	-2.4458	-6.68761	-2.44386	-2.62788	-4.40288	4.17429	-0.234179
1477010457250000	-6.86492	-2.72396	5.30337	4.17032	-0.185315	radar	1.19593	-7.14408	-2.67584	-6.82029	-2.66323	-2.6772	-4.36847	4.16258	-0.240414
1477010457300000	-6.9593	-2.99652	5.35372	4.18732	-0.152343	lidar	2.12691	-6.8003	-3.10086	-6.95546	-2.88084	-2.7274	-4.3326	4.15056	-0.246611
1477010457350000	-7.08744	-3.21781	5.28316	4.18213	-0.145929	radar	0.351509	-7.13937	-3.22028	-7.09316	-3.09663	-2.7784	-4.29523	4.13823	-0.252769
1477010457400000	-7.21225	-3.4052	5.20691	4.16635	-0.158686	lidar	1.53787	-7.12118	-3.26434	-7.23344	-3.3105	-2.83017	-4.25632	4.12559	-0.258887
1477010457450000	-7.35849	-3.6579	5.26277	4.1643	-0.149261	radar	4.34669	-7.77186	-4.08999	-7.37632	-3.5224	-2.88265	-4.21586	4.11264	-0.264964
1477010457500000	-7.51636	-3.78415	5.11432	4.12237	-0.195124	lidar	5.10503	-7.49009	-3.49081	-7.52184	-3.73223	-2.93579	-4.1738	4.09939	-0.271
1477010457550000	-7.66091	-3.9947	5.14935	4.11015	-0.200396	radar	0.510563	-7.52393	-3.88213	-7.67004	-3.93992	-2.98953	-4.13012	4.08584	-0.276993
1477010457600000	-7.81617	-4.22496	5.18681	4.10299	-0.195862	lidar	0.505939	-7.88049	-4.29783	-7.82094	-4.14538	-3.04381	-4.08479	4.07199	-0.282942
1477010457650000	-7.96725	-4.44421	5.19151	4.0952	-0.19256	radar	0.382731	-8.08524	-4.57834	-7.97457	-4.34854	-3.09857	-4.03778	4.05785	-0.288846
1477010457700000	-8.13019	-4.68491	5.24794	4.09072	-0.184857	lidar	1.1694	-8.22492	-4.79812	-8.13095	-4.5493	-3.15376	-3.98906	4.04341	-0.294705
1477010457750000	-8.27033	-4.88015	5.08369	4.0856	-0.173954	radar	2.22549	-8.453	-4.95621	-8.2901	-4.74759	-3.2093	-3.93862	4.02867	-0.300517
1477010457800000	-8.40196	-5.09598	5.08447	4.0859	-0.16315	lidar	0.258616	-8.33552	-5.1059	-8.45204	-4.94331	-3.26514	-3.88641	4.01365	-0.306282
1477010457850000	-8.54981	-5.25317	4.93534	4.06646	-0.174681	radar	3.27384	-8.55062	-4.79248	-8.61678	-5.13637	-3.32121	-3.83242	3.99833	-0.311998
1477010457900000	-8.73756	-5.45256	4.97401	4.04633	-0.187427	lidar	1.89678	-8.91477	-5.51752	-8.78433	-5.32669	-3.37745	-3.77663	3.98273	-0.317665
1477010457950000	-8.89859	-5.64745	4.97761	4.03494	-0.189588	radar	0.257688	-9.04115	-5.69364	-8.95469	-5.51417	-3.43377	-3.71901	3.96685	-0.323282
1477010458000000	-9.05348	-5.83217	4.96417	4.02343	-0.192294	lidar	0.0680759	-9.03391	-5.80267	-9.12788	-5.69872	-3.49012	-3.65955	3.95068	-0.328848
1477010458050000	-9.19362	-5.97949	4.82155	4.00776	-0.198687	radar	5.28718	-8.86897	-5.41973	-9.30388	-5.88026	-3.54643	-3.59823	3.93424	-0.334362
1477010458100000	-9.36553	-6.07756	4.71856	3.96598	-0.238456	lidar	3.92769	-9.30811	-5.82368	-9.4827	-6.05868	-3.60261	-3.53503	3.91752	-0.339823
1477010458150000	-9.54361	-6.26094	4.78434	3.95158	-0.24173	radar	1.20004	-9.80646	-6.41174	-9.66432	-6.23389	-3.6586	-3.46994	3.90053	-0.34523
1477010458200000	-9.68317	-6.47168	4.80907	3.96058	-0.216352	lidar	0.709243	-9.62547	-6.55958	-9.84874	-6.4058	-3.71431	-3.40295	3.88327	-0.350583
1477010458250000	-9.90659	-6.63719	4.95637	3.92602	-0.246431	radar	7.27936	-10.6688	-6.35543	-10.0359	-6.57431	-3.76969	-3.33404	3.86574	-0.355881
1477010458300000	-10.1105	-6.80662	4.97977	3.90341	-0.258161	lidar	0.747443	-10.2246	-6.83402	-10.2259	-6.73933	-3.82463	-3.26321	3.84795	-0.361122
1477010458350000	-10.2963	-6.96898	5.014	3.88571	-0.264734	radar	0.865423	-10.2205	-6.71044	-10.4186	-6.90075	-3.87907	-3.19046	3.82989	-0.366307
1477010458400000	-10.5286	-7.15678	5.08931	3.86445	-0.272935	lidar	3.82511	-10.7616	-7.29159	-10.614	-7.05849	-3.93293	-3.11577	3.81158	-0.371433
1477010458450000	-10.7339	-7.29876	5.08583	3.83781	-0.288698	radar	1.78331	-10.8944	-6.83335	-10.8121	-7.21245	-3.98613	-3.03916	3.793	-0.376501
1477010458500000	-10.9832	-7.46642	5.15433	3.80937	-0.304063	lidar	3.60162	-11.2219	-7.56979	-11.0128	-7.36252	-4.03859	-2.96062	3.77418	-0.381509
1477010458550000	-11.1699	-7.60408	5.05223	3.79199	-0.306677	radar	1.38024	-10.986	-7.3707	-11.2161	-7.50862	-4.09021	-2.88015	3.7551	-0.386458
1477010458600000	-11.3186	-7.75697	4.98968	3.7928	-0.288692	lidar	3.05925	-11.0934	-7.6776	-11.422	-7.65064	-4.14093	-2.79777	3.73578	-0.391345
1477010458650000	-11.5126	-7.88289	4.93825	3.77131	-0.297237	radar	1.7256	-11.4213	-7.46085	-11.6304	-7.78849	-4.19066	-2.71349	3.71621	-0.39617
1477010458700000	-11.69	-7.98582	4.8674	3.74813	-0.30789	lidar	2.84621	-11.5269	-7.8215	-11.8413	-7.92208	-4.23932	-2.6273	3.6964	-0.400933
1477010458750000	-11.8793	-8.09814	4.73187	3.72636	-0.315523	radar	1.2588	-11.9422	-7.88317	-12.0546	-8.05131	-4.28682	-2.53924	3.67636	-0.405632
1477010458800000	-12.0913	-8.1881	4.71223	3.69227	-0.337019	lidar	0.614651	-12.09	-8.08828	-12.2702	-8.17609	-4.33309	-2.44932	3.65608	-0.410268
1477010458850000	-12.3227	-8.31936	4.9161	3.67264	-0.339219	radar	2.96025	-12.4462	-8.02117	-12.4881	-8.29633	-4.37802	-2.35756	3.63556	-0.414838
1477010458900000	-12.5263	-8.40114	4.86733	3.64255	-0.354984	lidar	1.65741	-12.4231	-8.2599	-12.7082	-8.41193	-4.42156	-2.26399	3.61482	-0.419343
1477010458950000	-12.727	-8.48861	4.73036	3.61623	-0.366199	radar	1.51982	-12.7461	-8.19449	-12.9304	-8.5228	-4.4636	-2.16863	3.59385	-0.423782
1477010459000000	-13.0084	-8.58014	4.81771	3.57442	-0.392436	lidar	4.58684	-13.2911	-8.64594	-13.1547	-8.62886	-4.50407	-2.07151	3.57266	-0.428154
1477010459050000	-13.2611	-8.68201	4.93762	3.54939	-0.397128	radar	2.8106	-13.7929	-8.47158	-13.381	-8.73002	-4.54289	-1.97267	3.55126	-0.432459
1477010459100000	-13.4829	-8.7298	4.89539	3.51169	-0.41819	lidar	1.8383	-13.384	-8.57583	-13.6092	-8.82619	-4.57997	-1.87214	3.52963	-0.436695
1477010459150000	-13.6902	-8.7752	4.71444	3.47556	-0.439113	radar	3.54146	-13.6376	-8.26344	-13.8392	-8.91729	-4.61524	-1.76997	3.5078	-0.440862
1477010459200000	-13.919	-8.88322	4.74333	3.46612	-0.424402	lidar	0.976426	-13.9959	-8.99264	-14.0709	-9.00324	-4.64861	-1.6662	3.48576	-0.444959
1477010459250000	-14.179	-8.97216	4.94857	3.44874	-0.415895	radar	2.85635	-14.4737	-8.79552	-14.3043	-9.08395	-4.68001	-1.56086	3.46351	-0.448987
1477010459300000	-14.4061	-9.08403	4.95466	3.44649	-0.394512	lidar	0.6698	-14.4273	-9.1875	-14.5391	-9.15936	-4.70936	-1.45402	3.44106	-0.452943
1477010459350000	-14.6334	-9.15531	4.89301	3.42684	-0.39579	radar	0.363169	-14.5757	-9.32634	-14.7754	-9.22939	-4.73658	-1.34573	3.41841	-0.456828
1477010459400000	-14.9233	-9.15437	4.95092	3.36818	-0.440034	lidar	2.06573	-15.062	-9.04396	-15.013	-9.29397	-4.76161	-1.23603	3.39557	-0.46064
1477010459450000	-15.1849	-9.22586	4.99133	3.35056	-0.434758	radar	4.47529	-15.6189	-9.69365	-15.2517	-9.35302	-4.78436	-1.125	3.37254	-0.46438
1477010459500000	-15.4543	-9.34072	5.05521	3.35274	-0.407036	lidar	5.2232	-15.6682	-9.56749	-15.4916	-9.40649	-4.80476	-1.01269	3.34932	-0.468047
1477010459550000	-15.6913	-9.37379	4.91432	3.32178	-0.423897	radar	2.06258	-15.9382	-9.35751	-15.7324	-9.45431	-4.82275	-0.899159	3.32592	-0.47164
1477010459600000	-15.9493	-9.45668	4.9525	3.31595	-0.406212	lidar	2.0837	-16.0862	-9.59819	-15.9741	-9.49642	-4.83827	-0.784484	3.30234	-0.475158
1477010459650000	-16.1969	-9.47048	4.89678	3.28123	-0.425068	radar	2.14306	-16.6033	-8.85459	-16.2164	-9.53277	-4.85124	-0.668734	3.27858	-0.478601
1477010459700000	-16.4467	-9.46382	4.90187	3.24257	-0.444868	lidar	0.563946	-16.4229	-9.37029	-16.4594	-9.5633	-4.8616	-0.55198	3.25465	-0.481969
1477010459750000	-16.6569	-9.47114	4.80393	3.21639	-0.451484	radar	4.93548	-16.011	-9.33486	-16.7027	-9.58797	-4.8693	-0.434301	3.23055	-0.48526
1477010459800000	-16.9443	-9.45209	4.883	3.17319	-0.474725	lidar	1.68196	-17.1132	-9.43043	-16.9464	-9.60673	-4.87427	-0.315773	3.20629	-0.488475
1477010459850000	-17.1996	-9.50871	4.96914	3.17481	-0.441893	radar	7.88095	-16.9255	-10.8571	-17.1903	-9.61954	-4.87646	-0.196479	3.18186	-0.491613
1477010459900000	-17.4622	-9.52469	4.99441	3.15588	-0.438296	lidar	0.492234	-17.5448	-9.57485	-17.4342	-9.62636	-4.87583	-0.0765024	3.15728	-0.494673
1477010459950000	-17.718	-9.51684	4.95601	3.12661	-0.449816	radar	1.66844	-18.1371	-9.39146	-17.6781	-9.62717	-4.87232	0.0440703	3.13255	-0.497655
1477010460000000	-17.9736	-9.48296	4.97296	3.09159	-0.463976	lidar	0.23194	-17.9724	-9.42299	-17.9216	-9.62194	-4.86588	0.165151	3.10767	-0.500558
1477010460050000	-18.2131	-9.45139	4.90699	3.05831	-0.479289	radar	0.616898	-18.3083	-9.18778	-18.1648	-9.61064	-4.85648	0.286648	3.08264	-0.503383
1477010460100000	-18.4078	-9.49778	4.80644	3.06796	-0.441354	lidar	1.96472	-18.2763	-9.60997	-18.4074	-9.59325	-4.84408	0.40847	3.05747	-0.506127
1477010460150000	-18.6445	-9.48598	4.86228	3.05392	-0.42787	radar	1.77937	-18.2443	-9.58547	-18.6493	-9.56977	-4.82864	0.530522	3.03216	-0.508793
1477010460200000	-18.8952	-9.4733	4.87556	3.03704	-0.422827	lidar	0.280568	-18.9545	-9.51544	-18.8904	-9.54017	-4.81012	0.652707	3.00672	-0.511377
1477010460250000	-19.1252	-9.43595	4.89703	3.01512	-0.420585	radar	3.90378	-18.6983	-9.02886	-19.1305	-9.50447	-4.78851	0.774927	2.98115	-0.513881
1477010460300000	-19.3765	-9.31286	4.94264	2.95476	-0.464864	lidar	3.13103	-19.2983	-9.09865	-19.3694	-9.46265	-4.76378	0.897083	2.95546	-0.516304
1477010460350000	-19.6065	-9.24208	4.86986	2.91717	-0.486606	radar	1.15674	-19.7037	-8.79906	-19.6069	-9.41472	-4.73591	1.01907	2.92964	-0.518645
1477010460400000	-19.8644	-9.11349	4.9397	2.86163	-0.521683	lidar	1.47624	-19.8731	-8.96417	-19.8431	-9.36071	-4.70487	1.1408	2.90371	-0.520904
1477010460450000	-20.1035	-9.01087	4.96552	2.82241	-0.535985	radar	4.98895	-20.3815	-7.6755	-20.0775	-9.30061	-4.67066	1.26215	2.87767	-0.523081
1477010460500000	-20.2589	-9.15265	4.69437	2.88989	-0.430731	lidar	13.9331	-20.1607	-9.59663	-20.3102	-9.23446	-4.63328	1.38303	2.85151	-0.525176
1477010460550000	-20.4983	-9.11206	4.74341	2.8805	-0.413764	radar	1.63859	-20.4587	-9.7448	-20.5409	-9.16227	-4.59271	1.50334	2.82525	-0.527187
1477010460600000	-20.7231	-9.01073	4.76102	2.84367	-0.431745	lidar	0.753096	-20.6596	-8.91527	-20.7696	-9.08409	-4.54895	1.62296	2.79889	-0.529115
1477010460650000	-20.9661	-8.93105	4.77936	2.81811	-0.437991	radar	2.55422	-21.5568	-8.5005	-20.9959	-8.99994	-4.50202	1.74179	2.77244	-0.53096
1477010460700000	-21.1601	-8.86325	4.71748	2.79955	-0.433916	lidar	1.075	-21.0195	-8.85081	-21.2198	-8.90987	-4.45191	1.85972	2.74589	-0.532721
1477010460750000	-21.3929	-8.77906	4.71549	2.775	-0.43997	radar	1.97739	-21.8628	-8.64129	-21.4412	-8.81393	-4.39865	1.97666	2.71925	-0.534397
1477010460800000	-21.5805	-8.75639	4.61265	2.77855	-0.411136	lidar	1.29928	-21.5029	-8.87191	-21.6597	-8.71217	-4.34224	2.0925	2.69253	-0.53599
1477010460850000	-21.7649	-8.63168	4.47896	2.72811	-0.456571	radar	6.10123	-21.9514	-7.41274	-21.8754	-8.60465	-4.2827	2.20712	2.66574	-0.537498
1477010460900000	-21.9685	-8.54866	4.47114	2.70927	-0.452137	lidar	0.0364668	-21.9793	-8.57089	-22.0881	-8.49143	-4.22007	2.32043	2.63886	-0.53892
1477010460950000	-22.1788	-8.44406	4.54743	2.68946	-0.442535	radar	2.18637	-22.1914	-7.70392	-22.2975	-8.37258	-4.15437	2.43232	2.61191	-0.540258
1477010461000000	-22.4171	-8.33367	4.61448	2.66678	-0.443649	lidar	1.50514	-22.5838	-8.35296	-22.5035	-8.24817	-4.08564	2.5427	2.5849	-0.54151
1477010461050000	-22.6047	-8.22663	4.55866	2.64007	-0.452209	radar	0.780102	-22.3177	-8.57758	-22.7061	-8.11829	-4.01391	2.65145	2.55783	-0.542677
1477010461100000	-22.8608	-7.96191	4.80551	2.56005	-0.516325	lidar	6.71076	-22.9861	-7.6724	-22.9049	-7.98301	-3.93923	2.75848	2.53069	-0.543759
1477010461150000	-23.0486	-7.81895	4.71188	2.51676	-0.550278	radar	3.63383	-23.2693	-8.32031	-23.1	-7.84243	-3.86163	2.8637	2.5035	-0.544754
1477010461200000	-23.2853	-7.62878	4.84523	2.47563	-0.565589	lidar	2.37045	-23.4777	-7.56583	-23.2911	-7.69663	-3.78118	2.967	2.47627	-0.545663
1477010461250000	-23.4874	-7.48256	4.91794	2.46165	-0.538472	radar	1.59794	-23.473	-7.02103	-23.4781	-7.54572	-3.69792	3.06828	2.44898	-0.546486
1477010461300000	-23.651	-7.34392	4.8552	2.4379	-0.53489	lidar	0.68983	-23.5408	-7.36069	-23.6609	-7.3898	-3.61191	3.16746	2.42166	-0.547223
1477010461350000	-23.8442	-7.17828	4.89761	2.41367	-0.528549	radar	0.863032	-24.0505	-6.56968	-23.8393	-7.22897	-3.52321	3.26445	2.3943	-0.547873
1477010461400000	-23.9975	-7.09952	4.73842	2.41383	-0.499889	lidar	2.01964	-23.9384	-7.26171	-24.0132	-7.06336	-3.43189	3.35916	2.3669	-0.548437
1477010461450000	-24.1657	-6.91845	4.73515	2.3762	-0.518214	radar	2.01018	-24.3577	-5.94086	-24.1825	-6.89307	-3.33801	3.45149	2.33948	-0.548915
1477010461500000	-24.3357	-6.65014	4.88459	2.31516	-0.556046	lidar	3.2946	-24.2574	-6.4352	-24.347	-6.71823	-3.24166	3.54138	2.31204	-0.549305
1477010461550000	-24.5024	-6.47462	4.84791	2.28348	-0.56896	radar	3.52565	-24.788	-7.18367	-24.5066	-6.53896	-3.14289	3.62873	2.28457	-0.549609
1477010461600000	-24.5916	-6.35432	4.65627	2.26252	-0.560351	lidar	5.17029	-24.3008	-6.43799	-24.6612	-6.35538	-3.0418	3.71347	2.25709	-0.549826
1477010461650000	-24.7315	-6.16937	4.65491	2.23221	-0.562556	radar	0.309312	-24.6108	-6.00878	-24.8107	-6.16764	-2.93846	3.79553	2.2296	-0.549957
1477010461700000	-24.9197	-5.95081	4.77138	2.2049	-0.562127	lidar	2.85094	-25.146	-5.91902	-24.955	-5.97587	-2.83295	3.87484	2.2021	-0.55
1477010461750000	-25.0511	-5.74476	4.78967	2.17328	-0.563503	radar	1.86101	-24.8975	-5.02285	-25.094	-5.7802	-2.72537	3.95132	2.1746	-0.549957
1477010461800000	-25.1817	-5.57815	4.73182	2.15406	-0.553952	lidar	0.29175	-25.1941	-5.64372	-25.2276	-5.58079	-2.61581	4.02492	2.1471	-0.549826
1477010461850000	-25.3354	-5.38939	4.77916	2.14509	-0.522411	radar	1.30746	-25.5328	-5.4399	-25.3556	-5.37777	-2.50435	4.09557	2.11961	-0.549609
1477010461900000	-25.4832	-5.15471	4.86073	2.11557	-0.526255	lidar	0.623092	-25.5713	-5.10241	-25.4779	-5.1713	-2.39109	4.16322	2.09213	-0.549305
1477010461950000	-25.6134	-4.97854	4.84683	2.11097	-0.488559	radar	6.37012	-25.0178	-6.55904	-25.5946	-4.96152	-2.27613	4.22781	2.06467	-0.548915
1477010462000000	-25.7244	-4.81483	4.75208	2.09522	-0.47912	lidar	0.546484	-25.6952	-4.89995	-25.7055	-4.7486	-2.15956	4.2893	2.03722	-0.548437
1477010462050000	-25.846	-4.60663	4.7732	2.07608	-0.469196	radar	0.232952	-25.8162	-4.40681	-25.8105	-4.53268	-2.04149	4.34764	2.0098	-0.547873
1477010462100000	-25.9616	-4.35255	4.85758	2.04275	-0.479935	lidar	0.499636	-25.9516	-4.26659	-25.9096	-4.31392	-1.92202	4.40279	1.98241	-0.547223
1477010462150000	-26.071	-4.13201	4.81198	2.00145	-0.521753	radar	11.0703	-26.8953	-4.43966	-26.0027	-4.0925	-1.80125	4.45471	1.95504	-0.546486
1477010462200000	-26.1667	-3.83332	4.96068	1.95714	-0.541446	lidar	1.73113	-26.1198	-3.67723	-26.0897	-3.86856	-1.67928	4.50337	1.92772	-0.545663
1477010462250000	-26.2409	-3.59444	4.92655	1.90796	-0.586389	radar	3.56529	-26.5652	-3.85723	-26.1706	-3.64227	-1.55623	4.54875	1.90044	-0.544754
1477010462300000	-26.2699	-3.32924	4.94796	1.85767	-0.607939	lidar	4.30795	-25.9974	-3.24722	-26.2453	-3.41381	-1.4322	4.59081	1.8732	-0.543759
1477010462350000	-26.3197	-3.08214	4.94215	1.81275	-0.634071	radar	0.549849	-26.2976	-3.01078	-26.3138	-3.18332	-1.30729	4.62954	1.84601	-0.542677
1477010462400000	-26.3423	-2.8578	4.88533	1.77367	-0.641621	lidar	1.5366	-26.1741	-2.87885	-26.376	-2.95098	-1.18162	4.66493	1.81888	-0.54151
1477010462450000	-26.3993	-2.63355	4.86279	1.75067	-0.628127	radar	1.41845	-26.4681	-3.44967	-26.4319	-2.71697	-1.05529	4.69696	1.7918	-0.540258
1477010462500000	-26.4709	-2.50723	4.64514	1.7451	-0.60278	lidar	5.66646	-26.674	-2.73852	-26.4815	-2.48143	-0.928411	4.72562	1.76479	-0.53892
1477010462550000	-26.5255	-2.27439	4.66849	1.72709	-0.580628	radar	1.0216	-26.657	-1.72382	-26.5247	-2.24456	-0.80109	4.75091	1.73784	-0.537498
1477010462600000	-26.5741	-2.08623	4.58592	1.70814	-0.570687	lidar	0.970427	-26.6691	-2.17333	-26.5616	-2.0065	-0.673434	4.77284	1.71097	-0.53599
1477010462650000	-26.6046	-1.85366	4.60277	1.68766	-0.551211	radar	2.05141	-26.3248	-1.32261	-26.5921	-1.76744	-0.545553	4.79141	1.68417	-0.534397
1477010462700000	-26.6039	-1.59488	4.65633	1.64899	-0.562408	lidar	1.23878	-26.4671	-1.53207	-26.6161	-1.52753	-0.417552	4.80664	1.65745	-0.532721
1477010462750000	-26.6012	-1.37159	4.62933	1.60793	-0.586548	radar	1.61964	-26.4998	-2.19526	-26.6338	-1.28695	-0.289538	4.81852	1.63081	-0.53096
1477010462800000	-26.6053	-1.14121	4.62706	1.5783	-0.586869	lidar	0.00177458	-26.5998	-1.14277	-26.6451	-1.04586	-0.161616	4.8271	1.60426	-0.529115
1477010462850000	-26.634	-0.922868	4.60621	1.5627	-0.569717	radar	5.09375	-27.2008	-1.67679	-26.65	-0.804425	-0.0338883	4.83238	1.57781	-0.527187
1477010462900000	-26.646	-0.658895	4.68383	1.53887	-0.564576	lidar	0.698862	-26.7355	-0.59539	-26.6485	-0.562811	0.0935412	4.83439	1.55145	-0.525176
1477010462950000	-26.6338	-0.4156	4.71032	1.50153	-0.58578	radar	2.30194	-26.9891	0.0351487	-26.6406	-0.321181	0.220572	4.83317	1.52519	-0.523081
1477010463000000	-26.5895	-0.0986264	4.8871	1.46187	-0.595318	lidar	2.65085	-26.4553	0.0602653	-26.6264	-0.0796947	0.347104	4.82874	1.49904	-0.520904
1477010463050000	-26.5699	0.144771	4.89419	1.43284	-0.599038	radar	2.75768	-26.9537	0.136943	-26.6059	0.161489	0.473041	4.82116	1.47299	-0.518645
1477010463100000	-26.5461	0.451762	5.03652	1.40819	-0.592657	lidar	1.33273	-26.6201	0.57588	-26.5792	0.402213	0.598287	4.81045	1.44706	-0.516304
1477010463150000	-26.5336	0.692799	5.00638	1.39856	-0.559401	radar	1.83762	-26.8241	0.381506	-26.5462	0.642323	0.722748	4.79667	1.42124	-0.513881
1477010463200000	-26.525	0.979559	5.09203	1.38504	-0.544327	lidar	2.63869	-26.7293	1.06082	-26.5069	0.881666	0.846334	4.77986	1.39555	-0.511377
1477010463250000	-26.4865	1.24913	5.11226	1.37717	-0.502622	radar	7.01299	-25.9562	2.60409	-26.4616	1.12009	0.968955	4.76007	1.36998	-0.508793
1477010463300000	-26.4292	1.473	5.05636	1.34901	-0.506037	lidar	0.222749	-26.3986	1.42212	-26.4101	1.35745	1.09053	4.73737	1.34454	-0.506127
1477010463350000	-26.3908	1.6853	4.96674	1.3355	-0.484202	radar	8.6749	-26.5072	-0.563928	-26.3526	1.59361	1.21096	4.71181	1.31923	-0.503383
1477010463400000	-26.3363	1.88006	4.86629	1.31036	-0.485827	lidar	0.543159	-26.3594	1.79315	-26.2891	1.82841	1.33018	4.68345	1.29407	-0.500558
1477010463450000	-26.2688	2.10993	4.86241	1.28279	-0.492699	radar	0.220473	-26.3475	1.82827	-26.2197	2.06173	1.44811	4.65235	1.26904	-0.497655
1477010463500000	-26.2078	2.28741	4.74182	1.25729	-0.494435	lidar	0.817316	-26.2502	2.18481	-26.1444	2.29342	1.56467	4.61859	1.24416	-0.494673
1477010463550000	-26.1455	2.50794	4.7067	1.24465	-0.469993	radar	0.843134	-26.069	2.27896	-26.0633	2.52336	1.67979	4.58223	1.21942	-0.491613
1477010463600000	-26.0657	2.75627	4.76348	1.22315	-0.46751	lidar	0.174167	-26.0641	2.80701	-25.9765	2.75141	1.79339	4.54334	1.19484	-0.488475
1477010463650000	-25.9718	2.97966	4.80188	1.18457	-0.501096	radar	2.78511	-26.3234	3.02388	-25.8841	2.97746	1.90543	4.502	1.17042	-0.48526
1477010463700000	-25.8668	3.27642	4.96633	1.16459	-0.494455	lidar	1.46312	-25.8345	3.42005	-25.7861	3.20139	2.01582	4.45828	1.14615	-0.481969
1477010463750000	-25.7837	3.50843	4.96875	1.14606	-0.488605	radar	2.14551	-26.1824	3.73376	-25.6826	3.42306	2.12452	4.41227	1.12206	-0.478601
1477010463800000	-25.6792	3.70035	4.89993	1.11725	-0.493767	lidar	0.292068	-25.6666	3.63509	-25.5737	3.64239	2.23146	4.36404	1.09813	-0.475158
1477010463850000	-25.5632	3.90604	4.88257	1.08692	-0.50242	radar	1.13044	-25.5773	3.13316	-25.4596	3.85924	2.3366	4.31367	1.07437	-0.47164
1477010463900000	-25.4995	4.07114	4.74735	1.07062	-0.495171	lidar	3.73762	-25.7492	3.99968	-25.3402	4.07353	2.43989	4.26125	1.05079	-0.468047
1477010463950000	-25.3774	4.26898	4.73783	1.04135	-0.501689	radar	0.577948	-25.3516	3.75691	-25.2157	4.28514	2.54127	4.20686	1.02738	-0.46438
1477010464000000	-25.2156	4.49815	4.81976	1.00851	-0.508445	lidar	2.09343	-25.0214	4.52803	-25.0863	4.49399	2.64071	4.15058	1.00417	-0.46064
1477010464050000	-25.0659	4.69078	4.78214	0.982841	-0.497388	radar	8.92687	-24.2719	4.30917	-24.9518	4.69998	2.73817	4.09251	0.981133	-0.456828
1477010464100000	-24.9484	4.88341	4.75889	0.962312	-0.493337	lidar	0.410975	-25.0363	4.88499	-24.8126	4.90303	2.83361	4.03273	0.958291	-0.452943
1477010464150000	-24.7929	5.07266	4.76195	0.932279	-0.497546	radar	2.30464	-24.3609	4.95947	-24.6686	5.10304	2.92701	3.97132	0.935644	-0.448987
1477010464200000	-24.6217	5.29776	4.85433	0.9072	-0.496223	lidar	0.978575	-24.5041	5.35293	-24.5201	5.29995	3.01833	3.90839	0.913195	-0.444959
1477010464250000	-24.4493	5.47984	4.90225	0.866724	-0.524315	radar	0.900932	-24.4379	5.24592	-24.367	5.49367	3.10754	3.84401	0.890947	-0.440862
1477010464300000	-24.2619	5.65376	4.9086	0.830391	-0.534514	lidar	1.21889	-24.1159	5.61152	-24.2095	5.68414	3.19464	3.77827	0.868904	-0.436695
1477010464350000	-24.0968	5.81484	4.90218	0.79527	-0.551014	radar	3.20662	-24.5638	4.75836	-24.0477	5.8713	3.27959	3.71127	0.847069	-0.432459
1477010464400000	-23.9236	5.97333	4.87653	0.764173	-0.555148	lidar	0.0603307	-23.9153	5.94377	-23.8818	6.05508	3.36239	3.64309	0.825446	-0.428154
1477010464450000	-23.7824	6.14885	4.73149	0.765388	-0.499463	radar	4.54918	-23.5491	6.44495	-23.7117	6.23542	3.44302	3.57383	0.804038	-0.423782
1477010464500000	-23.6171	6.30255	4.70967	0.739938	-0.50043	lidar	0.0593552	-23.6471	6.29102	-23.5377	6.41227	3.52148	3.50357	0.782849	-0.419343
1477010464550000	-23.4708	6.46581	4.63873	0.730701	-0.474546	radar	1.69138	-23.7544	6.53746	-23.3598	6.58559	3.59775	3.4324	0.761882	-0.414838
1477010464600000	-23.2367	6.71168	4.86274	0.72026	-0.456055	lidar	4.51391	-23.0099	6.86182	-23.1781	6.75533	3.67185	3.36041	0.74114	-0.410268
1477010464650000	-23.0438	6.84809	4.81307	0.692342	-0.456248	radar	5.52519	-22.7862	5.74143	-22.9928	6.92146	3.74376	3.28768	0.720627	-0.405632
1477010464700000	-22.8269	7.02819	4.89658	0.67143	-0.452594	lidar	0.995309	-22.6991	7.063	-22.804	7.08393	3.8135	3.21431	0.700345	-0.400933
1477010464750000	-22.6148	7.16513	4.9241	0.637057	-0.469537	radar	1.49297	-22.418	6.76159	-22.6117	7.24273	3.88106	3.14038	0.680299	-0.39617
1477010464800000	-22.4313	7.30639	4.8987	0.616054	-0.467522	lidar	0.320283	-22.5083	7.31524	-22.4161	7.39782	3.94647	3.06598	0.66049	-0.391345
1477010464850000	-22.1981	7.44406	5.02984	0.574375	-0.502654	radar	2.33951	-22.0543	7.85452	-22.2173	7.54917	4.00974	2.99118	0.640923	-0.386458
1477010464900000	-22.0159	7.60463	5.02642	0.56416	-0.487397	lidar	2.12838	-22.1947	7.69478	-22.0154	7.69679	4.07087	2.91607	0.6216	-0.381509
1477010464950000	-21.8321	7.77441	4.95065	0.56875	-0.441242	radar	5.83927	-21.6178	9.0351	-21.8105	7.84064	4.12989	2.84074	0.602525	-0.376501
1477010465000000	-21.6248	7.91531	4.96082	0.550493	-0.437108	lidar	0.0626033	-21.6473	7.94	-21.6026	7.98072	4.18681	2.76526	0.583699	-0.371433
1477010465050000	-21.4367	8.04485	4.89882	0.537259	-0.423484	radar	1.68286	-21.8637	7.78661	-21.392	8.11703	4.24166	2.68971	0.565128	-0.366307
1477010465100000	-21.2203	8.06817	4.77196	0.480262	-0.462991	lidar	4.36105	-21.0853	7.83229	-21.1787	8.24957	4.29447	2.61417	0.546812	-0.361122
1477010465150000	-21.0331	8.20893	4.65374	0.485095	-0.415032	radar	6.04098	-20.5503	9.28616	-20.9628	8.37833	4.34526	2.53871	0.528756	-0.355881
1477010465200000	-20.8552	8.36344	4.67109	0.486378	-0.391788	lidar	3.23622	-21.0519	8.50983	-20.7444	8.50333	4.39406	2.46341	0.510962	-0.350583
1477010465250000	-20.6106	8.48025	4.80489	0.457512	-0.410568	radar	4.59696	-19.9265	9.40847	-20.5237	8.62457	4.4409	2.38835	0.493433	-0.34523
1477010465300000	-20.354	8.62911	4.92108	0.447586	-0.397104	lidar	1.45999	-20.21	8.68914	-20.3006	8.74206	4.48582	2.31358	0.476172	-0.339823
1477010465350000	-20.1602	8.75129	4.80619	0.448746	-0.360495	radar	1.87207	-20.2277	8.8532	-20.0753	8.85583	4.52884	2.23919	0.459181	-0.334362
1477010465400000	-19.9644	8.85003	4.76842	0.432298	-0.359618	lidar	0.538545	-20.0633	8.86724	-19.848	8.96589	4.57001	2.16524	0.442462	-0.328848
1477010465450000	-19.7716	8.95614	4.66656	0.428524	-0.333788	radar	1.26941	-19.9264	8.78179	-19.6186	9.07227	4.60937	2.09179	0.42602	-0.323282
1477010465500000	-19.5511	9.0301	4.65486	0.40262	-0.343605	lidar	0.44977	-19.4861	8.96665	-19.3873	9.17499	4.64694	2.01891	0.409856	-0.317665
1477010465550000	-19.3091	9.13916	4.75172	0.386474	-0.3458	radar	4.69151	-18.5719	10.2069	-19.1542	9.27409	4.68278	1.94666	0.393973	-0.311998
1477010465600000	-19.0134	9.245	4.89351	0.367083	-0.345274	lidar	6.18238	-18.6786	9.19191	-18.9193	9.36959	4.71692	1.8751	0.378373	-0.306282
1477010465650000	-18.7995	9.32456	4.86817	0.34838	-0.348366	radar	1.63706	-19.2825	8.98189	-18.6827	9.46154	4.7494	1.80429	0.363059	-0.300517
1477010465700000	-18.5377	9.4357	4.95302	0.339155	-0.338149	lidar	0.829156	-18.4242	9.46852	-18.4446	9.54996	4.78028	1.73429	0.348033	-0.294705
1477010465750000	-18.2686	9.47425	5.07127	0.291226	-0.385965	radar	5.37574	-18.1634	8.72444	-18.2049	9.63492	4.80959	1.66514	0.333298	-0.288846
1477010465800000	-17.9625	9.61881	5.24933	0.295194	-0.358099	lidar	2.95979	-17.7736	9.72478	-17.9639	9.71643	4.83737	1.59691	0.318855	-0.282942
1477010465850000	-17.7157	9.71562	5.17394	0.295903	-0.324536	radar	3.04233	-17.2296	9.97767	-17.7214	9.79457	4.86368	1.52964	0.304708	-0.276993
1477010465900000	-17.4362	9.82696	5.2635	0.291906	-0.309977	lidar	0.732981	-17.3436	9.88109	-17.4777	9.86936	4.88856	1.46338	0.290859	-0.271
1477010465950000	-17.1846	9.91015	5.27262	0.279938	-0.306411	radar	0.405905	-17.1554	10.212	-17.2328	9.94087	4.91205	1.39818	0.277309	-0.264964
1477010466000000	-16.9091	10.0344	5.35873	0.283715	-0.284908	lidar	0.846551	-16.8876	10.145	-16.9868	10.0091	4.93421	1.33408	0.26406	-0.258887
1477010466050000	-16.6503	10.1081	5.35816	0.269909	-0.283826	radar	0.0297516	-16.5958	10.1078	-16.7396	10.0743	4.95507	1.27113	0.251116	-0.252769
1477010466100000	-16.4065	10.2071	5.35877	0.267821	-0.271286	lidar	1.19209	-16.5153	10.3091	-16.4915	10.1362	4.97469	1.20937	0.238478	-0.246611
1477010466150000	-16.1445	10.2826	5.38546	0.254773	-0.273096	radar	0.443668	-16.09	10.5824	-16.2424	10.1952	4.99311	1.14883	0.226147	-0.240414
1477010466200000	-15.9233	10.2899	5.26459	0.221009	-0.296065	lidar	1.22149	-16.006	10.1843	-15.9924	10.2511	5.01039	1.08956	0.214126	-0.234179
1477010466250000	-15.6759	10.355	5.2224	0.213398	-0.283695	radar	0.26836	-15.7234	10.41	-15.7416	10.3041	5.02655	1.03159	0.202417	-0.227907
1477010466300000	-15.4711	10.3324	5.07082	0.17261	-0.314296	lidar	2.03218	-15.5699	10.1904	-15.4899	10.3543	5.04166	0.974957	0.191022	-0.221599
1477010466350000	-15.1631	10.3711	5.28207	0.143887	-0.340948	radar	7.71531	-14.2385	10.9109	-15.2376	10.4016	5.05576	0.919692	0.179942	-0.215255
1477010466400000	-14.9036	10.4226	5.28996	0.132935	-0.334306	lidar	0.194494	-14.9365	10.4722	-14.9846	10.4462	5.06889	0.865828	0.169179	-0.208879
1477010466450000	-14.6679	10.4503	5.11057	0.126387	-0.306617	radar	6.43267	-14.724	9.63507	-14.7309	10.4882	5.0811	0.813394	0.158735	-0.202468
1477010466500000	-14.4358	10.4085	5.02458	0.0833786	-0.337991	lidar	2.15266	-14.4088	10.222	-14.4766	10.5276	5.09243	0.762418	0.148612	-0.196027
1477010466550000	-14.1766	10.4311	5.03475	0.0684413	-0.334468	radar	0.54147	-13.9005	10.5238	-14.2218	10.5645	5.10293	0.712926	0.138811	-0.189554
1477010466600000	-13.8561	10.5928	5.24339	0.109426	-0.267536	lidar	7.82775	-13.8049	10.9383	-13.9665	10.5989	5.11263	0.664944	0.129333	-0.183051
1477010466650000	-13.6054	10.6493	5.14502	0.117648	-0.229619	radar	2.03065	-13.3956	10.7857	-13.7107	10.631	5.12159	0.618496	0.120181	-0.176519
1477010466700000	-13.3625	10.6434	5.10256	0.0922971	-0.245379	lidar	0.514061	-13.3556	10.5517	-13.4545	10.6608	5.12983	0.573603	0.111355	-0.169959
1477010466750000	-13.1001	10.6677	5.13249	0.0797211	-0.247222	radar	0.232425	-12.9374	10.8137	-13.1979	10.6884	5.13741	0.530288	0.102857	-0.163373
1477010466800000	-12.8419	10.7633	5.17828	0.0977238	-0.213718	lidar	4.13735	-12.9591	11.0099	-12.9409	10.7138	5.14436	0.48857	0.0946879	-0.156761
1477010466850000	-12.5776	10.8133	5.17505	0.100721	-0.193821	radar	1.44875	-12.2518	11.2495	-12.6836	10.7373	5.15071	0.448467	0.0868499	-0.150124
1477010466900000	-12.3526	10.7733	5.0793	0.0649686	-0.223263	lidar	1.7145	-12.3713	10.6091	-12.426	10.7587	5.15651	0.409997	0.0793437	-0.143463
1477010466950000	-12.1011	10.8048	5.03717	0.0649443	-0.204394	radar	0.610317	-11.9352	10.9161	-12.1681	10.7783	5.16179	0.373177	0.0721706	-0.136779
1477010467000000	-11.8517	10.8715	5.06005	0.0750074	-0.182339	lidar	2.24601	-11.9451	11.0515	-11.91	10.7961	5.16658	0.338022	0.0653316	-0.130074
1477010467050000	-11.574	10.8925	5.11015	0.0676258	-0.179652	radar	2.74004	-10.9703	10.9676	-11.6516	10.8121	5.17092	0.304546	0.0588279	-0.123349
1477010467100000	-11.3491	10.9048	5.05148	0.0564097	-0.182902	lidar	0.687567	-11.4548	10.9407	-11.393	10.8265	5.17484	0.272761	0.0526604	-0.116604
1477010467150000	-11.0771	10.8474	5.25247	-0.00197999	-0.26657	radar	8.97722	-11.3472	10.5111	-11.1342	10.8394	5.17836	0.242681	0.0468302	-0.10984
1477010467200000	-10.7768	10.824	5.31601	-0.0226233	-0.273368	lidar	2.69985	-10.6009	10.6823	-10.8753	10.8509	5.18153	0.214317	0.0413382	-0.10306
1477010467250000	-10.5209	10.8221	5.2796	-0.0323746	-0.266511	radar	0.246626	-10.6563	10.8369	-10.6161	10.8609	5.18435	0.187679	0.0361852	-0.0962627
1477010467300000	-10.2909	10.8133	5.21542	-0.0466015	-0.268598	lidar	1.03014	-10.4142	10.8747	-10.3569	10.8697	5.18687	0.162776	0.0313721	-0.0894504
1477010467350000	-10.0515	10.861	5.02588	-0.020632	-0.202165	radar	6.51929	-9.90413	11.2255	-10.0976	10.8772	5.1891	0.139618	0.0268996	-0.0826241
1477010467400000	-9.78702	10.9115	5.0719	-0.00794196	-0.177012	lidar	2.18722	-9.83445	11.1032	-9.83809	10.8837	5.19106	0.118212	0.0227684	-0.0757847
14